{
 "cells": [
  {
   "cell_type": "markdown",
   "id": "f667152d-7790-4711-a7f7-727e9346bc9b",
   "metadata": {},
   "source": [
    "### Problem 4: Matrix Transpose and Inverse"
   ]
  },
  {
   "cell_type": "code",
   "execution_count": 4,
   "id": "875b38f7-36c8-4722-9281-480d738e7835",
   "metadata": {},
   "outputs": [
    {
     "name": "stdout",
     "output_type": "stream",
     "text": [
      "Matrix A1:\n",
      " [[  2   5 -10]\n",
      " [ -7  -7  -3]\n",
      " [ -1   9   8]]\n",
      "\n",
      "Matrix A2:\n",
      " [[-6 -4  2]\n",
      " [-9 -4 -3]\n",
      " [ 4  7 -5]]\n",
      "\n",
      "Matrix A3:\n",
      " [[ 3 -2 -1]\n",
      " [10  9  6]\n",
      " [ 9 -5  5]]\n"
     ]
    }
   ],
   "source": [
    "import numpy as np\n",
    "np.set_printoptions(precision=3, suppress=True)\n",
    "\n",
    "np.random.seed(0)\n",
    "\n",
    "# Creating 3 random 3 x 3 matrices with integers from -10 to 10\n",
    "A1 = np.random.randint(-10, 11, (3, 3))\n",
    "A2 = np.random.randint(-10, 11, (3, 3))\n",
    "A3 = np.random.randint(-10, 11, (3, 3))\n",
    "\n",
    "# Printing the matrices\n",
    "print(\"Matrix A1:\\n\", A1)\n",
    "print(\"\\nMatrix A2:\\n\", A2)\n",
    "print(\"\\nMatrix A3:\\n\", A3)"
   ]
  },
  {
   "cell_type": "code",
   "execution_count": 10,
   "id": "e630f307-3677-4cc3-8def-443ee256e6fd",
   "metadata": {},
   "outputs": [
    {
     "name": "stdout",
     "output_type": "stream",
     "text": [
      "Inverse Matrix A1:\n",
      "[[-0.031 -0.139 -0.091]\n",
      " [ 0.063  0.006  0.081]\n",
      " [-0.075 -0.025  0.022]]\n",
      "Inverse Matrix A2:\n",
      "[[-0.366  0.054 -0.179]\n",
      " [ 0.509 -0.196  0.321]\n",
      " [ 0.42  -0.232  0.107]]\n",
      "Inverse Matrix A3:\n",
      "[[ 0.216  0.043 -0.009]\n",
      " [ 0.011  0.069 -0.08 ]\n",
      " [-0.376 -0.009  0.135]]\n"
     ]
    }
   ],
   "source": [
    "matrices = [A1, A2, A3]\n",
    "inverse_matrices = []\n",
    "\n",
    "# Looping through each matrix\n",
    "for i, A in enumerate(matrices, start=1):\n",
    "\n",
    "    # Computing the determinant to check if the inverse exists\n",
    "    if abs(np.linalg.det(A)) < 1e-9:\n",
    "        print(\"Inverse does not exist\")\n",
    "        inverse_matrices.append(None)\n",
    "        continue\n",
    "\n",
    "    # Compute the inverse using NumPy\n",
    "    A_inv = np.linalg.inv(A)\n",
    "    inverse_matrices.append(A_inv)\n",
    "    print(f\"Inverse Matrix A{i}:\")\n",
    "    print(A_inv)"
   ]
  },
  {
   "cell_type": "code",
   "execution_count": 13,
   "id": "e2388d71-4361-4ab3-9e61-5e73e371cdab",
   "metadata": {},
   "outputs": [
    {
     "name": "stdout",
     "output_type": "stream",
     "text": [
      "Identity Matrix A1:\n",
      "[[1. 0. 0.]\n",
      " [0. 1. 0.]\n",
      " [0. 0. 1.]]\n",
      "Identity Matrix A2:\n",
      "[[1. 0. 0.]\n",
      " [0. 1. 0.]\n",
      " [0. 0. 1.]]\n",
      "Identity Matrix A3:\n",
      "[[1. 0. 0.]\n",
      " [0. 1. 0.]\n",
      " [0. 0. 1.]]\n"
     ]
    }
   ],
   "source": [
    "for i in range(len(matrices)):\n",
    "\n",
    "    A = matrices[i]\n",
    "    A_inv = inverse_matrices[i]\n",
    "\n",
    "    if A_inv is None:\n",
    "        print(f\"A{i+1} has no inverse, cannot compute product.\\n\")\n",
    "        continue\n",
    "\n",
    "    product = A @ A_inv\n",
    "    \n",
    "    print(f\"Identity Matrix A{i+1}:\")\n",
    "    print(np.abs(product))"
   ]
  }
 ],
 "metadata": {
  "kernelspec": {
   "display_name": "anaconda-2025.12-py312",
   "language": "python",
   "name": "conda-env-anaconda-2025.12-py312-py"
  },
  "language_info": {
   "codemirror_mode": {
    "name": "ipython",
    "version": 3
   },
   "file_extension": ".py",
   "mimetype": "text/x-python",
   "name": "python",
   "nbconvert_exporter": "python",
   "pygments_lexer": "ipython3",
   "version": "3.12.12"
  }
 },
 "nbformat": 4,
 "nbformat_minor": 5
}
